15.000000 0.000000 0.000000
14.999250 0.149998 0.000000
14.997000 0.299980 0.000000
14.993251 0.449933 0.000000
14.988002 0.599840 0.000000
14.981254 0.749688 0.000000
14.973008 0.899460 0.000000
14.963265 1.049143 0.000000
14.952026 1.198720 0.000000
14.939291 1.348178 0.000000
14.925062 1.497501 0.000000
14.909341 1.646675 0.000000
14.892130 1.795683 0.000000
14.873428 1.944512 0.000000
14.853240 2.093147 0.000000
14.831566 2.241572 0.000000
14.808409 2.389773 0.000000
14.783772 2.537735 0.000000
14.757655 2.685444 0.000000
14.730064 2.832883 0.000000
14.700999 2.980040 0.000000
14.670464 3.126898 0.000000
14.638462 3.273444 0.000000
14.604996 3.419663 0.000000
14.570070 3.565539 0.000000
14.533686 3.711059 0.000000
14.495850 3.856208 0.000000
14.456563 4.000972 0.000000
14.415832 4.145335 0.000000
14.373658 4.289283 0.000000
14.330047 4.432803 0.000000
14.285004 4.575880 0.000000
14.238531 4.718498 0.000000
14.190635 4.860645 0.000000
14.141320 5.002306 0.000000
14.090591 5.143467 0.000000
14.038452 5.284113 0.000000
13.984910 5.424231 0.000000
13.929970 5.563807 0.000000
13.873636 5.702826 0.000000
13.815915 5.841275 0.000000
13.756812 5.979140 0.000000
13.696334 6.116407 0.000000
13.634486 6.253062 0.000000
13.571275 6.389092 0.000000
13.506707 6.524483 0.000000
13.440787 6.659222 0.000000
13.373524 6.793294 0.000000
13.304924 6.926688 0.000000
13.234993 7.059388 0.000000
13.163738 7.191383 0.000000
13.091168 7.322659 0.000000
13.017288 7.453202 0.000000
12.942106 7.583000 0.000000
12.865630 7.712040 0.000000
12.787868 7.840308 0.000000
12.708827 7.967793 0.000000
12.628515 8.094481 0.000000
12.546940 8.220359 0.000000
12.464110 8.345415 0.000000
12.380034 8.469637 0.000000
12.294720 8.593012 0.000000
12.208177 8.715527 0.000000
12.120413 8.837171 0.000000
12.031436 8.957932 0.000000
11.941257 9.077796 0.000000
11.849883 9.196753 0.000000
11.757325 9.314790 0.000000
11.663591 9.431895 0.000000
11.568690 9.548058 0.000000
11.472633 9.663265 0.000000
11.375428 9.777507 0.000000
11.277086 9.890770 0.000000
11.177616 10.003045 0.000000
11.077028 10.114319 0.000000
10.975333 10.224581 0.000000
10.872540 10.333822 0.000000
10.768660 10.442029 0.000000
10.663703 10.549191 0.000000
10.557680 10.655299 0.000000
10.450601 10.760341 0.000000
10.342476 10.864308 0.000000
10.233318 10.967187 0.000000
10.123136 11.068971 0.000000
10.011942 11.169647 0.000000
9.899747 11.269206 0.000000
9.786562 11.367638 0.000000
9.672398 11.464934 0.000000
9.557267 11.561083 0.000000
9.441180 11.656076 0.000000
9.324150 11.749904 0.000000
9.206186 11.842556 0.000000
9.087302 11.934024 0.000000
8.967510 12.024299 0.000000
8.846820 12.113372 0.000000
8.725246 12.201233 0.000000
8.602800 12.287874 0.000000
8.479493 12.373286 0.000000
8.355338 12.457461 0.000000
8.230348 12.540390 0.000000
8.104535 12.622065 0.000000
7.977911 12.702478 0.000000
7.850489 12.781620 0.000000
7.722283 12.859485 0.000000
7.593304 12.936063 0.000000
7.463566 13.011348 0.000000
7.333081 13.085332 0.000000
7.201863 13.158008 0.000000
7.069925 13.229367 0.000000
6.937281 13.299404 0.000000
6.803942 13.368110 0.000000
6.669923 13.435480 0.000000
6.535237 13.501507 0.000000
6.399897 13.566183 0.000000
6.263918 13.629502 0.000000
6.127312 13.691459 0.000000
5.990093 13.752047 0.000000
5.852275 13.811259 0.000000
5.713872 13.869090 0.000000
5.574898 13.925535 0.000000
5.435366 13.980586 0.000000
5.295291 14.034240 0.000000
5.154686 14.086490 0.000000
5.013566 14.137332 0.000000
4.871944 14.186760 0.000000
4.729835 14.234769 0.000000
4.587254 14.281355 0.000000
4.444213 14.326513 0.000000
4.300728 14.370238 0.000000
4.156813 14.412526 0.000000
4.012482 14.453373 0.000000
3.867750 14.492774 0.000000
3.722632 14.530727 0.000000
3.577141 14.567226 0.000000
3.431292 14.602268 0.000000
3.285100 14.635850 0.000000
3.138580 14.667969 0.000000
2.991746 14.698621 0.000000
2.844612 14.727803 0.000000
2.697195 14.755512 0.000000
2.549507 14.781746 0.000000
2.401565 14.806502 0.000000
2.253382 14.829776 0.000000
2.104974 14.851568 0.000000
1.956356 14.871875 0.000000
1.807542 14.890695 0.000000
1.658547 14.908025 0.000000
1.509386 14.923865 0.000000
1.360074 14.938213 0.000000
1.210627 14.951066 0.000000
1.061058 14.962425 0.000000
0.911383 14.972287 0.000000
0.761617 14.980652 0.000000
0.611775 14.987519 0.000000
0.461872 14.992887 0.000000
0.311922 14.996756 0.000000
0.161942 14.999126 0.000000
0.011945 14.999995 0.000000
-0.138053 14.999365 0.000000
-0.288037 14.997234 0.000000
-0.437993 14.993604 0.000000
-0.587904 14.988475 0.000000
-0.737757 14.981846 0.000000
-0.887536 14.973720 0.000000
-1.037227 14.964096 0.000000
-1.186813 14.952975 0.000000
-1.336281 14.940360 0.000000
-1.485616 14.926250 0.000000
-1.634801 14.910648 0.000000
-1.783824 14.893555 0.000000
-1.932667 14.874972 0.000000
-2.081318 14.854902 0.000000
-2.229761 14.833346 0.000000
-2.377980 14.810308 0.000000
-2.525962 14.785788 0.000000
-2.673691 14.759789 0.000000
-2.821153 14.732315 0.000000
-2.968332 14.703367 0.000000
-3.115215 14.672949 0.000000
-3.261786 14.641064 0.000000
-3.408031 14.607714 0.000000
-3.553936 14.572904 0.000000
-3.699485 14.536637 0.000000
-3.844664 14.498916 0.000000
-3.989458 14.459745 0.000000
-4.133854 14.419128 0.000000
-4.277836 14.377069 0.000000
-4.421390 14.333573 0.000000
-4.564503 14.288643 0.000000
-4.707158 14.242284 0.000000
-4.849344 14.194501 0.000000
-4.991044 14.145299 0.000000
-5.132245 14.094682 0.000000
-5.272933 14.042656 0.000000
-5.413093 13.989225 0.000000
-5.552712 13.934396 0.000000
-5.691776 13.878173 0.000000
-5.830271 13.820562 0.000000
-5.968183 13.761569 0.000000
-6.105498 13.701200 0.000000
-6.242203 13.639461 0.000000
-6.378283 13.576358 0.000000
-6.513725 13.511898 0.000000
-6.648516 13.446086 0.000000
-6.782642 13.378930 0.000000
-6.916090 13.310436 0.000000
-7.048847 13.240610 0.000000
-7.180898 13.169461 0.000000
-7.312232 13.096995 0.000000
-7.442834 13.023219 0.000000
-7.572692 12.948140 0.000000
-7.701792 12.871767 0.000000
-7.830123 12.794107 0.000000
-7.957670 12.715168 0.000000
-8.084422 12.634956 0.000000
-8.210365 12.553482 0.000000
-8.335487 12.470752 0.000000
-8.459776 12.386775 0.000000
-8.583219 12.301559 0.000000
-8.705803 12.215113 0.000000
-8.827517 12.127446 0.000000
-8.948348 12.038566 0.000000
-9.068284 11.948482 0.000000
-9.187313 11.857203 0.000000
-9.305424 11.764739 0.000000
-9.422604 11.671098 0.000000
-9.538842 11.576290 0.000000
-9.654126 11.480324 0.000000
-9.768445 11.383211 0.000000
-9.881787 11.284959 0.000000
-9.994140 11.185578 0.000000
-10.105495 11.085079 0.000000
-10.215838 10.983472 0.000000
-10.325160 10.880766 0.000000
-10.433450 10.776972 0.000000
-10.540696 10.672100 0.000000
-10.646888 10.566161 0.000000
-10.752016 10.459166 0.000000
-10.856068 10.351125 0.000000
-10.959035 10.242048 0.000000
-11.060906 10.131948 0.000000
-11.161670 10.020834 0.000000
-11.261319 9.908718 0.000000
-11.359842 9.795611 0.000000
-11.457228 9.681525 0.000000
-11.553469 9.566471 0.000000
-11.648554 9.450459 0.000000
-11.742475 9.333503 0.000000
-11.835221 9.215614 0.000000
-11.926784 9.096803 0.000000
-12.017154 8.977082 0.000000
-12.106323 8.856464 0.000000
-12.194281 8.734960 0.000000
-12.281019 8.612582 0.000000
-12.366529 8.489343 0.000000
-12.450803 8.365256 0.000000
-12.533832 8.240332 0.000000
-12.615607 8.114583 0.000000
-12.696121 7.988024 0.000000
-12.775365 7.860665 0.000000
-12.853331 7.732521 0.000000
-12.930013 7.603603 0.000000
-13.005401 7.473925 0.000000
-13.079489 7.343499 0.000000
-13.152268 7.212339 0.000000
-13.223733 7.080458 0.000000
-13.293875 6.947869 0.000000
-13.362688 6.814585 0.000000
-13.430165 6.680620 0.000000
-13.496298 6.545986 0.000000
-13.561082 6.410698 0.000000
-13.624510 6.274769 0.000000
-13.686575 6.138213 0.000000
-13.747272 6.001042 0.000000
-13.806594 5.863272 0.000000
-13.864536 5.724915 0.000000
-13.921091 5.585986 0.000000
-13.976254 5.446498 0.000000
-14.030019 5.306465 0.000000
-14.082381 5.165902 0.000000
-14.133335 5.024822 0.000000
-14.182876 4.883240 0.000000
-14.230998 4.741169 0.000000
-14.277698 4.598625 0.000000
-14.322969 4.455620 0.000000
-14.366809 4.312170 0.000000
-14.409211 4.168289 0.000000
-14.450173 4.023991 0.000000
-14.489690 3.879290 0.000000
-14.527757 3.734202 0.000000
-14.564372 3.588740 0.000000
-14.599531 3.442919 0.000000
-14.633230 3.296754 0.000000
-14.665465 3.150259 0.000000
-14.696234 3.003450 0.000000
-14.725533 2.856340 0.000000
-14.753360 2.708944 0.000000
-14.779711 2.561277 0.000000
-14.804584 2.413355 0.000000
-14.827977 2.265191 0.000000
-14.849887 2.116800 0.000000
-14.870313 1.968198 0.000000
-14.889251 1.819399 0.000000
-14.906700 1.670418 0.000000
-14.922659 1.521270 0.000000
-14.937125 1.371970 0.000000
-14.950097 1.222532 0.000000
-14.961575 1.072973 0.000000
-14.971557 0.923306 0.000000
-14.980041 0.773547 0.000000
-14.987027 0.623710 0.000000
-14.992515 0.473811 0.000000
-14.996503 0.323865 0.000000
-14.998992 0.173886 0.000000
-14.999981 0.023890 0.000000
-14.999470 -0.126109 0.000000
-14.997459 -0.276095 0.000000
-14.993948 -0.426053 0.000000
-14.988938 -0.575969 0.000000
-14.982429 -0.725827 0.000000
-14.974422 -0.875612 0.000000
-14.964917 -1.025310 0.000000
-14.953916 -1.174906 0.000000
-14.941419 -1.324383 0.000000
-14.927429 -1.473729 0.000000
-14.911945 -1.622927 0.000000
-14.894971 -1.771963 0.000000
-14.876506 -1.920821 0.000000
-14.856555 -2.069488 0.000000
-14.835117 -2.217948 0.000000
-14.812197 -2.366185 0.000000
-14.787794 -2.514187 0.000000
-14.761914 -2.661936 0.000000
-14.734557 -2.809420 0.000000
-14.705726 -2.956623 0.000000
-14.675425 -3.103530 0.000000
-14.643657 -3.250126 0.000000
-14.610424 -3.396398 0.000000
-14.575730 -3.542330 0.000000
-14.539578 -3.687908 0.000000
-14.501973 -3.833117 0.000000
-14.462917 -3.977942 0.000000
-14.422415 -4.122370 0.000000
-14.380471 -4.266386 0.000000
-14.337089 -4.409975 0.000000
-14.292273 -4.553123 0.000000
-14.246028 -4.695815 0.000000
-14.198358 -4.838039 0.000000
-14.149269 -4.979778 0.000000
-14.098765 -5.121019 0.000000
-14.046850 -5.261748 0.000000
-13.993531 -5.401951 0.000000
-13.938813 -5.541614 0.000000
-13.882701 -5.680723 0.000000
-13.825201 -5.819264 0.000000
-13.766318 -5.957223 0.000000
-13.706058 -6.094586 0.000000
-13.644428 -6.231339 0.000000
-13.581433 -6.367470 0.000000
-13.517081 -6.502963 0.000000
-13.451376 -6.637807 0.000000
-13.384327 -6.771986 0.000000
-13.315939 -6.905489 0.000000
-13.246219 -7.038301 0.000000
-13.175175 -7.170409 0.000000
-13.102813 -7.301800 0.000000
-13.029142 -7.432461 0.000000
-12.954167 -7.562378 0.000000
-12.877897 -7.691540 0.000000
-12.800339 -7.819932 0.000000
-12.721500 -7.947542 0.000000
-12.641390 -8.074358 0.000000
-12.560016 -8.200366 0.000000
-12.477386 -8.325554 0.000000
-12.393508 -8.449909 0.000000
-12.308390 -8.573420 0.000000
-12.222042 -8.696073 0.000000
-12.134472 -8.817857 0.000000
-12.045688 -8.938758 0.000000
-11.955700 -9.058766 0.000000
-11.864516 -9.177868 0.000000
-11.772145 -9.296053 0.000000
-11.678598 -9.413307 0.000000
-11.583882 -9.529621 0.000000
-11.488008 -9.644981 0.000000
-11.390986 -9.759377 0.000000
-11.292824 -9.872797 0.000000
-11.193533 -9.985230 0.000000
-11.093123 -10.096664 0.000000
-10.991603 -10.207089 0.000000
-10.888985 -10.316492 0.000000
-10.785277 -10.424865 0.000000
-10.680491 -10.532194 0.000000
-10.574637 -10.638471 0.000000
-10.467725 -10.743684 0.000000
-10.359766 -10.847822 0.000000
-10.250772 -10.950875 0.000000
-10.140753 -11.052834 0.000000
-10.029719 -11.153687 0.000000
-9.917683 -11.253425 0.000000
-9.804654 -11.352037 0.000000
-9.690646 -11.449515 0.000000
-9.575668 -11.545847 0.000000
-9.459733 -11.641025 0.000000
-9.342851 -11.735039 0.000000
-9.225036 -11.827879 0.000000
-9.106298 -11.919536 0.000000
-8.986649 -12.010002 0.000000
-8.866102 -12.099266 0.000000
-8.744668 -12.187321 0.000000
-8.622359 -12.274157 0.000000
-8.499189 -12.359765 0.000000
-8.375168 -12.444138 0.000000
-8.250310 -12.527266 0.000000
-8.124627 -12.609141 0.000000
-7.998131 -12.689756 0.000000
-7.870836 -12.769101 0.000000
-7.742754 -12.847170 0.000000
-7.613897 -12.923954 0.000000
-7.484279 -12.999445 0.000000
-7.353912 -13.073637 0.000000
-7.222810 -13.146521 0.000000
-7.090986 -13.218090 0.000000
-6.958453 -13.288338 0.000000
-6.825224 -13.357257 0.000000
-6.691312 -13.424840 0.000000
-6.556732 -13.491081 0.000000
-6.421495 -13.555973 0.000000
-6.285617 -13.619509 0.000000
-6.149110 -13.681683 0.000000
-6.011988 -13.742489 0.000000
-5.874264 -13.801921 0.000000
-5.735954 -13.859972 0.000000
-5.597070 -13.916638 0.000000
-5.457626 -13.971912 0.000000
-5.317636 -14.025789 0.000000
-5.177115 -14.078263 0.000000
-5.036075 -14.129329 0.000000
-4.894533 -14.178983 0.000000
-4.752500 -14.227218 0.000000
-4.609993 -14.274031 0.000000
-4.467025 -14.319417 0.000000
-4.323609 -14.363370 0.000000
-4.179762 -14.405887 0.000000
-4.035497 -14.446964 0.000000
-3.890828 -14.486596 0.000000
-3.745769 -14.524779 0.000000
-3.600337 -14.561510 0.000000
-3.454544 -14.596785 0.000000
-3.308406 -14.630600 0.000000
-3.161937 -14.662952 0.000000
-3.015152 -14.693837 0.000000
-2.868065 -14.723254 0.000000
-2.720692 -14.751198 0.000000
-2.573046 -14.777667 0.000000
-2.425143 -14.802658 0.000000
-2.276998 -14.826169 0.000000
-2.128625 -14.848197 0.000000
-1.980039 -14.868741 0.000000
-1.831255 -14.887797 0.000000
-1.682288 -14.905365 0.000000
-1.533153 -14.921442 0.000000
-1.383864 -14.936028 0.000000
-1.234437 -14.949119 0.000000
-1.084887 -14.960716 0.000000
-0.935228 -14.970817 0.000000
-0.785475 -14.979420 0.000000
-0.635644 -14.986526 0.000000
-0.485750 -14.992133 0.000000
-0.335807 -14.996241 0.000000
-0.185830 -14.998849 0.000000
-0.035835 -14.999957 0.000000
0.114164 -14.999566 0.000000
0.264152 -14.997674 0.000000
0.414113 -14.994283 0.000000
0.564032 -14.989392 0.000000
0.713896 -14.983002 0.000000
0.863687 -14.975114 0.000000
1.013393 -14.965729 0.000000
1.162997 -14.954847 0.000000
1.312485 -14.942469 0.000000
1.461841 -14.928597 0.000000
1.611052 -14.913233 0.000000
1.760101 -14.896377 0.000000
1.908974 -14.878031 0.000000
2.057657 -14.858198 0.000000
2.206133 -14.836879 0.000000
2.354389 -14.814076 0.000000
2.502410 -14.789792 0.000000
2.650180 -14.764029 0.000000
2.797686 -14.736789 0.000000
2.944911 -14.708076 0.000000
3.091842 -14.677892 0.000000
3.238464 -14.646240 0.000000
3.384762 -14.613124 0.000000
3.530722 -14.578546 0.000000
3.676328 -14.542510 0.000000
3.821567 -14.505021 0.000000
3.966424 -14.466080 0.000000
4.110884 -14.425694 0.000000
4.254933 -14.383864 0.000000
4.398556 -14.340596 0.000000
4.541740 -14.295894 0.000000
4.684469 -14.249763 0.000000
4.826730 -14.202207 0.000000
4.968509 -14.153230 0.000000
5.109790 -14.102838 0.000000
5.250561 -14.051036 0.000000
5.390806 -13.997829 0.000000
5.530513 -13.943222 0.000000
5.669666 -13.887220 0.000000
5.808253 -13.829830 0.000000
5.946258 -13.771057 0.000000
6.083669 -13.710907 0.000000
6.220472 -13.649386 0.000000
6.356652 -13.586500 0.000000
6.492197 -13.522255 0.000000
6.627093 -13.456658 0.000000
6.761326 -13.389715 0.000000
6.894883 -13.321434 0.000000
7.027750 -13.251820 0.000000
7.159915 -13.180881 0.000000
7.291363 -13.108624 0.000000
7.422083 -13.035056 0.000000
7.552060 -12.960185 0.000000
7.681282 -12.884017 0.000000
7.809736 -12.806562 0.000000
7.937409 -12.727825 0.000000
8.064288 -12.647816 0.000000
8.190361 -12.566542 0.000000
8.315615 -12.484012 0.000000
8.440037 -12.400233 0.000000
8.563616 -12.315214 0.000000
8.686337 -12.228963 0.000000
8.808191 -12.141490 0.000000
8.929163 -12.052802 0.000000
9.049243 -11.962910 0.000000
9.168417 -11.871820 0.000000
9.286675 -11.779544 0.000000
9.404004 -11.686090 0.000000
9.520393 -11.591467 0.000000
9.635830 -11.495685 0.000000
9.750303 -11.398754 0.000000
9.863801 -11.300683 0.000000
9.976313 -11.201481 0.000000
10.087827 -11.101160 0.000000
10.198332 -10.999728 0.000000
10.307818 -10.897196 0.000000
10.416273 -10.793575 0.000000
10.523686 -10.688874 0.000000
10.630047 -10.583105 0.000000
10.735344 -10.476277 0.000000
10.839569 -10.368402 0.000000
10.942709 -10.259489 0.000000
11.044755 -10.149551 0.000000
11.145697 -10.038598 0.000000
11.245524 -9.926641 0.000000
11.344226 -9.813691 0.000000
11.441794 -9.699760 0.000000
11.538218 -9.584859 0.000000
11.633488 -9.469000 0.000000
11.727595 -9.352193 0.000000
11.820529 -9.234452 0.000000
11.912281 -9.115787 0.000000
12.002842 -8.996210 0.000000
12.092202 -8.875734 0.000000
12.180353 -8.754370 0.000000
12.267287 -8.632131 0.000000
12.352993 -8.509028 0.000000
12.437464 -8.385075 0.000000
12.520692 -8.260283 0.000000
12.602667 -8.134665 0.000000
12.683382 -8.008234 0.000000
12.762829 -7.881002 0.000000
12.841000 -7.752982 0.000000
12.917886 -7.624186 0.000000
12.993481 -7.494628 0.000000
13.067776 -7.364321 0.000000
13.140765 -7.233277 0.000000
13.212439 -7.101510 0.000000
13.282793 -6.969033 0.000000
13.351818 -6.835859 0.000000
13.419508 -6.702001 0.000000
13.485856 -6.567473 0.000000
13.550855 -6.432288 0.000000
13.614499 -6.296460 0.000000
13.676782 -6.160003 0.000000
13.737697 -6.022929 0.000000
13.797239 -5.885253 0.000000
13.855400 -5.746989 0.000000
13.912176 -5.608150 0.000000
13.967561 -5.468750 0.000000
14.021550 -5.328803 0.000000
14.074136 -5.188324 0.000000
14.125314 -5.047325 0.000000
14.175081 -4.905822 0.000000
14.223429 -4.763828 0.000000
14.270356 -4.621358 0.000000
14.315855 -4.478426 0.000000
14.359923 -4.335046 0.000000
14.402554 -4.191232 0.000000
14.443746 -4.047000 0.000000
14.483493 -3.902362 0.000000
14.521792 -3.757335 0.000000
14.558638 -3.611931 0.000000
14.594029 -3.466167 0.000000
14.627961 -3.320056 0.000000
14.660429 -3.173612 0.000000
14.691432 -3.026852 0.000000
14.720965 -2.879789 0.000000
14.749027 -2.732438 0.000000
14.775613 -2.584813 0.000000
14.800722 -2.436930 0.000000
14.824351 -2.288804 0.000000
14.846497 -2.140448 0.000000
14.867159 -1.991879 0.000000
14.886334 -1.843110 0.000000
14.904021 -1.694157 0.000000
14.920217 -1.545034 0.000000
14.934921 -1.395758 0.000000
14.948131 -1.246341 0.000000
14.959847 -1.096800 0.000000
14.970067 -0.947149 0.000000
14.978790 -0.797404 0.000000
14.986015 -0.647578 0.000000
14.991741 -0.497688 0.000000
14.995968 -0.347748 0.000000
14.998696 -0.197774 0.000000
14.999924 -0.047780 0.000000
