0.000000 0.000000 -16.500000
0.000000 0.164997 -16.499175
0.000000 0.329978 -16.496700
0.000000 0.494926 -16.492576
0.000000 0.659824 -16.486802
0.000000 0.824656 -16.479379
0.000000 0.989406 -16.470309
0.000000 1.154057 -16.459592
0.000000 1.318592 -16.447228
0.000000 1.482996 -16.433220
0.000000 1.647251 -16.417569
0.000000 1.811342 -16.400276
0.000000 1.975251 -16.381342
0.000000 2.138963 -16.360771
0.000000 2.302461 -16.338564
0.000000 2.465729 -16.314723
0.000000 2.628750 -16.289250
0.000000 2.791509 -16.262149
0.000000 2.953988 -16.233421
0.000000 3.116172 -16.203070
0.000000 3.278044 -16.171099
0.000000 3.439588 -16.137510
0.000000 3.600789 -16.102308
0.000000 3.761629 -16.065496
0.000000 3.922093 -16.027077
0.000000 4.082165 -15.987055
0.000000 4.241829 -15.945435
0.000000 4.401069 -15.902220
0.000000 4.559868 -15.857415
0.000000 4.718212 -15.811024
0.000000 4.876083 -15.763052
0.000000 5.033468 -15.713504
0.000000 5.190348 -15.662384
0.000000 5.346710 -15.609699
0.000000 5.502537 -15.555452
0.000000 5.657814 -15.499650
0.000000 5.812525 -15.442298
0.000000 5.966655 -15.383401
0.000000 6.120188 -15.322966
0.000000 6.273109 -15.260999
0.000000 6.425403 -15.197506
0.000000 6.577054 -15.132494
0.000000 6.728047 -15.065968
0.000000 6.878368 -14.997935
0.000000 7.028001 -14.928402
0.000000 7.176931 -14.857377
0.000000 7.325144 -14.784866
0.000000 7.472624 -14.710877
0.000000 7.619356 -14.635416
0.000000 7.765327 -14.558492
0.000000 7.910521 -14.480112
0.000000 8.054925 -14.400284
0.000000 8.198522 -14.319016
0.000000 8.341300 -14.236317
0.000000 8.483244 -14.152193
0.000000 8.624339 -14.066655
0.000000 8.764572 -13.979709
0.000000 8.903929 -13.891366
0.000000 9.042395 -13.801634
0.000000 9.179957 -13.710521
0.000000 9.316601 -13.618038
0.000000 9.452313 -13.524192
0.000000 9.587080 -13.428995
0.000000 9.720889 -13.332454
0.000000 9.853725 -13.234580
0.000000 9.985576 -13.135383
0.000000 10.116428 -13.034872
0.000000 10.246269 -12.933057
0.000000 10.375085 -12.829950
0.000000 10.502864 -12.725559
0.000000 10.629592 -12.619896
0.000000 10.755257 -12.512971
0.000000 10.879847 -12.404795
0.000000 11.003349 -12.295378
0.000000 11.125751 -12.184731
0.000000 11.247040 -12.072866
0.000000 11.367204 -11.959794
0.000000 11.486231 -11.845526
0.000000 11.604110 -11.730073
0.000000 11.720829 -11.613448
0.000000 11.836375 -11.495661
0.000000 11.950738 -11.376724
0.000000 12.063906 -11.256650
0.000000 12.175868 -11.135450
0.000000 12.286611 -11.013137
0.000000 12.396127 -10.889722
0.000000 12.504402 -10.765218
0.000000 12.611427 -10.639638
0.000000 12.717192 -10.512994
0.000000 12.821684 -10.385298
0.000000 12.924894 -10.256564
0.000000 13.026812 -10.126805
0.000000 13.127427 -9.996033
0.000000 13.226729 -9.864261
0.000000 13.324709 -9.731502
0.000000 13.421356 -9.597771
0.000000 13.516661 -9.463080
0.000000 13.610614 -9.327442
0.000000 13.703207 -9.190872
0.000000 13.794429 -9.053383
0.000000 13.884271 -8.914988
0.000000 13.972725 -8.775702
0.000000 14.059782 -8.635538
0.000000 14.145433 -8.494511
0.000000 14.229670 -8.352634
0.000000 14.312483 -8.209922
0.000000 14.393865 -8.066389
0.000000 14.473808 -7.922050
0.000000 14.552304 -7.776918
0.000000 14.629344 -7.631009
0.000000 14.704921 -7.484336
0.000000 14.779028 -7.336915
0.000000 14.851657 -7.188760
0.000000 14.922801 -7.039887
0.000000 14.992453 -6.890309
0.000000 15.060605 -6.740043
0.000000 15.127251 -6.589102
0.000000 15.192385 -6.437503
0.000000 15.255999 -6.285260
0.000000 15.318088 -6.132388
0.000000 15.378645 -5.978903
0.000000 15.437664 -5.824820
0.000000 15.495139 -5.670155
0.000000 15.551065 -5.514922
0.000000 15.605436 -5.359139
0.000000 15.658246 -5.202819
0.000000 15.709491 -5.045979
0.000000 15.759164 -4.888634
0.000000 15.807262 -4.730801
0.000000 15.853779 -4.572494
0.000000 15.898710 -4.413731
0.000000 15.942052 -4.254526
0.000000 15.983799 -4.094895
0.000000 16.023948 -3.934855
0.000000 16.062495 -3.774421
0.000000 16.099435 -3.613610
0.000000 16.134766 -3.452438
0.000000 16.168483 -3.290920
0.000000 16.200583 -3.129074
0.000000 16.231063 -2.966914
0.000000 16.259921 -2.804458
0.000000 16.287152 -2.641721
0.000000 16.312754 -2.478720
0.000000 16.336725 -2.315471
0.000000 16.359063 -2.151991
0.000000 16.379764 -1.988296
0.000000 16.398828 -1.824401
0.000000 16.416252 -1.660325
0.000000 16.432034 -1.496082
0.000000 16.446173 -1.331689
0.000000 16.458667 -1.167164
0.000000 16.469516 -1.002522
0.000000 16.478717 -0.837779
0.000000 16.486271 -0.672953
0.000000 16.492176 -0.508059
0.000000 16.496432 -0.343115
0.000000 16.499038 -0.178136
0.000000 16.499995 -0.013139
-0.000000 16.499301 0.151858
-0.000000 16.496958 0.316841
-0.000000 16.492964 0.481792
-0.000000 16.487322 0.646695
-0.000000 16.480031 0.811533
-0.000000 16.471092 0.976290
-0.000000 16.460505 1.140949
-0.000000 16.448273 1.305495
-0.000000 16.434396 1.469909
-0.000000 16.418875 1.634177
-0.000000 16.401713 1.798281
-0.000000 16.382910 1.962206
-0.000000 16.362469 2.125934
-0.000000 16.340392 2.289450
-0.000000 16.316681 2.452737
-0.000000 16.291338 2.615778
-0.000000 16.264366 2.778558
-0.000000 16.235768 2.941060
-0.000000 16.205546 3.103268
-0.000000 16.173704 3.265165
-0.000000 16.140244 3.426737
-0.000000 16.105170 3.587965
-0.000000 16.068486 3.748835
-0.000000 16.030195 3.909329
-0.000000 15.990301 4.069433
-0.000000 15.948807 4.229130
-0.000000 15.905719 4.388404
-0.000000 15.861041 4.547239
-0.000000 15.814776 4.705619
-0.000000 15.766930 4.863529
-0.000000 15.717507 5.020953
-0.000000 15.666513 5.177874
-0.000000 15.613951 5.334278
-0.000000 15.559829 5.490148
-0.000000 15.504150 5.645469
-0.000000 15.446921 5.800226
-0.000000 15.388148 5.954403
-0.000000 15.327835 6.107984
-0.000000 15.265990 6.260954
-0.000000 15.202618 6.413298
-0.000000 15.137726 6.565001
-0.000000 15.071320 6.716048
-0.000000 15.003408 6.866423
-0.000000 14.933994 7.016111
-0.000000 14.863088 7.165098
-0.000000 14.790695 7.313368
-0.000000 14.716823 7.460907
-0.000000 14.641479 7.607699
-0.000000 14.564671 7.753731
-0.000000 14.486407 7.898988
-0.000000 14.406694 8.043455
-0.000000 14.325541 8.187117
-0.000000 14.242955 8.329961
-0.000000 14.158944 8.471971
-0.000000 14.073518 8.613135
-0.000000 13.986684 8.753437
-0.000000 13.898452 8.892864
-0.000000 13.808830 9.031401
-0.000000 13.717827 9.169036
-0.000000 13.625452 9.305753
-0.000000 13.531715 9.441540
-0.000000 13.436625 9.576383
-0.000000 13.340191 9.710268
-0.000000 13.242423 9.843183
-0.000000 13.143330 9.975112
-0.000000 13.042924 10.106045
-0.000000 12.941213 10.235967
-0.000000 12.838208 10.364865
-0.000000 12.733919 10.492726
-0.000000 12.628357 10.619539
-0.000000 12.521532 10.745289
-0.000000 12.413455 10.869965
-0.000000 12.304136 10.993554
-0.000000 12.193587 11.116044
-0.000000 12.081819 11.237422
-0.000000 11.968842 11.357676
-0.000000 11.854669 11.476795
-0.000000 11.739310 11.594766
-0.000000 11.622778 11.711577
-0.000000 11.505083 11.827217
-0.000000 11.386237 11.941675
-0.000000 11.266253 12.054938
-0.000000 11.145142 12.166996
-0.000000 11.022917 12.277838
-0.000000 10.899590 12.387451
-0.000000 10.775172 12.495826
-0.000000 10.649677 12.602951
-0.000000 10.523118 12.708816
-0.000000 10.395505 12.813410
-0.000000 10.266854 12.916722
-0.000000 10.137175 13.018743
-0.000000 10.006483 13.119462
-0.000000 9.874790 13.218870
-0.000000 9.742110 13.316955
-0.000000 9.608456 13.413709
-0.000000 9.473840 13.509121
-0.000000 9.338278 13.603182
-0.000000 9.201781 13.695883
-0.000000 9.064365 13.787215
-0.000000 8.926042 13.877168
-0.000000 8.786826 13.965733
-0.000000 8.646732 14.052901
-0.000000 8.505773 14.138664
-0.000000 8.363963 14.223014
-0.000000 8.221317 14.305941
-0.000000 8.077849 14.387437
-0.000000 7.933573 14.467495
-0.000000 7.788504 14.546106
-0.000000 7.642656 14.623263
-0.000000 7.496044 14.698957
-0.000000 7.348682 14.773181
-0.000000 7.200585 14.845928
-0.000000 7.051768 14.917190
-0.000000 6.902246 14.986961
-0.000000 6.752034 15.055233
-0.000000 6.601146 15.121999
-0.000000 6.449599 15.187254
-0.000000 6.297406 15.250989
-0.000000 6.144584 15.313200
-0.000000 5.991147 15.373879
-0.000000 5.837112 15.433021
-0.000000 5.682492 15.490619
-0.000000 5.527304 15.546669
-0.000000 5.371564 15.601163
-0.000000 5.215286 15.654098
-0.000000 5.058487 15.705467
-0.000000 4.901182 15.755266
-0.000000 4.743387 15.803489
-0.000000 4.585118 15.850132
-0.000000 4.426390 15.895190
-0.000000 4.267219 15.938659
-0.000000 4.107622 15.980533
-0.000000 3.947614 16.020810
-0.000000 3.787211 16.059484
-0.000000 3.626430 16.096553
-0.000000 3.465285 16.132012
-0.000000 3.303795 16.165857
-0.000000 3.141974 16.198086
-0.000000 2.979838 16.228696
-0.000000 2.817405 16.257682
-0.000000 2.654690 16.285043
-0.000000 2.491710 16.310775
-0.000000 2.328480 16.334876
-0.000000 2.165018 16.357344
-0.000000 2.001339 16.378176
-0.000000 1.837460 16.397370
-0.000000 1.673397 16.414924
-0.000000 1.509167 16.430837
-0.000000 1.344786 16.445107
-0.000000 1.180270 16.457733
-0.000000 1.015636 16.468712
-0.000000 0.850901 16.478045
-0.000000 0.686081 16.485730
-0.000000 0.521192 16.491766
-0.000000 0.356251 16.496154
-0.000000 0.191274 16.498891
-0.000000 0.026279 16.499979
-0.000000 -0.138720 16.499417
-0.000000 -0.303704 16.497205
-0.000000 -0.468658 16.493343
-0.000000 -0.633565 16.487832
-0.000000 -0.798409 16.480672
-0.000000 -0.963173 16.471864
-0.000000 -1.127841 16.461409
-0.000000 -1.292396 16.449307
-0.000000 -1.456822 16.435561
-0.000000 -1.621102 16.420171
-0.000000 -1.785220 16.403140
-0.000000 -1.949159 16.384468
-0.000000 -2.112904 16.364157
-0.000000 -2.276437 16.342210
-0.000000 -2.439742 16.318629
-0.000000 -2.602804 16.293416
-0.000000 -2.765605 16.266574
-0.000000 -2.928130 16.238105
-0.000000 -3.090362 16.208012
-0.000000 -3.252285 16.176299
-0.000000 -3.413883 16.142968
-0.000000 -3.575139 16.108022
-0.000000 -3.736038 16.071466
-0.000000 -3.896563 16.033303
-0.000000 -4.056698 15.993536
-0.000000 -4.216428 15.952170
-0.000000 -4.375736 15.909209
-0.000000 -4.534607 15.864657
-0.000000 -4.693024 15.818518
-0.000000 -4.850972 15.770798
-0.000000 -5.008435 15.721501
-0.000000 -5.165397 15.670631
-0.000000 -5.321842 15.618194
-0.000000 -5.477756 15.564196
-0.000000 -5.633121 15.508641
-0.000000 -5.787923 15.451535
-0.000000 -5.942147 15.392885
-0.000000 -6.095776 15.332694
-0.000000 -6.248795 15.270971
-0.000000 -6.401190 15.207721
-0.000000 -6.552945 15.142949
-0.000000 -6.704044 15.076664
-0.000000 -6.854473 15.008871
-0.000000 -7.004216 14.939577
-0.000000 -7.153260 14.868789
-0.000000 -7.301587 14.796514
-0.000000 -7.449185 14.722759
-0.000000 -7.596038 14.647533
-0.000000 -7.742131 14.570841
-0.000000 -7.887450 14.492693
-0.000000 -8.031980 14.413095
-0.000000 -8.175707 14.332056
-0.000000 -8.318616 14.249583
-0.000000 -8.460694 14.165686
-0.000000 -8.601925 14.080372
-0.000000 -8.742296 13.993651
-0.000000 -8.881793 13.905529
-0.000000 -9.020402 13.816018
-0.000000 -9.158109 13.725124
-0.000000 -9.294900 13.632858
-0.000000 -9.430762 13.539229
-0.000000 -9.565680 13.444246
-0.000000 -9.699642 13.347919
-0.000000 -9.832634 13.250257
-0.000000 -9.964643 13.151270
-0.000000 -10.095655 13.050967
-0.000000 -10.225658 12.949360
-0.000000 -10.354638 12.846457
-0.000000 -10.482583 12.742271
-0.000000 -10.609479 12.636809
-0.000000 -10.735315 12.530084
-0.000000 -10.860077 12.422107
-0.000000 -10.983753 12.312887
-0.000000 -11.106330 12.202435
-0.000000 -11.227797 12.090764
-0.000000 -11.348142 11.977883
-0.000000 -11.467351 11.863805
-0.000000 -11.585414 11.748540
-0.000000 -11.702318 11.632100
-0.000000 -11.818052 11.514497
-0.000000 -11.932604 11.395743
-0.000000 -12.045963 11.275849
-0.000000 -12.158117 11.154828
-0.000000 -12.269056 11.032691
-0.000000 -12.378767 10.909451
-0.000000 -12.487241 10.785120
-0.000000 -12.594466 10.659710
-0.000000 -12.700432 10.533235
-0.000000 -12.805127 10.405706
-0.000000 -12.908542 10.277136
-0.000000 -13.010667 10.147539
-0.000000 -13.111490 10.016927
-0.000000 -13.211002 9.885314
-0.000000 -13.309193 9.752712
-0.000000 -13.406053 9.619134
-0.000000 -13.501572 9.484595
-0.000000 -13.595742 9.349107
-0.000000 -13.688551 9.212685
-0.000000 -13.779992 9.075341
-0.000000 -13.870055 8.937090
-0.000000 -13.958731 8.797944
-0.000000 -14.046011 8.657920
-0.000000 -14.131887 8.517029
-0.000000 -14.216349 8.375287
-0.000000 -14.299390 8.232707
-0.000000 -14.381000 8.089304
-0.000000 -14.461173 7.945091
-0.000000 -14.539899 7.800085
-0.000000 -14.617172 7.654298
-0.000000 -14.692983 7.507746
-0.000000 -14.767324 7.360444
-0.000000 -14.840189 7.212405
-0.000000 -14.911570 7.063645
-0.000000 -14.981460 6.914178
-0.000000 -15.049851 6.764021
-0.000000 -15.116738 6.613186
-0.000000 -15.182113 6.461691
-0.000000 -15.245970 6.309549
-0.000000 -15.308302 6.156777
-0.000000 -15.369103 6.003388
-0.000000 -15.428368 5.849400
-0.000000 -15.486089 5.694826
-0.000000 -15.542262 5.539683
-0.000000 -15.596881 5.383986
-0.000000 -15.649940 5.227751
-0.000000 -15.701434 5.070992
-0.000000 -15.751358 4.913727
-0.000000 -15.799707 4.755970
-0.000000 -15.846476 4.597738
-0.000000 -15.891660 4.439046
-0.000000 -15.935256 4.279910
-0.000000 -15.977257 4.120346
-0.000000 -16.017661 3.960370
-0.000000 -16.056463 3.799999
-0.000000 -16.093660 3.639247
-0.000000 -16.129247 3.478131
-0.000000 -16.163221 3.316667
-0.000000 -16.195579 3.154872
-0.000000 -16.226318 2.992761
-0.000000 -16.255433 2.830351
-0.000000 -16.282924 2.667658
-0.000000 -16.308786 2.504698
-0.000000 -16.333017 2.341487
-0.000000 -16.355615 2.178043
-0.000000 -16.376577 2.014380
-0.000000 -16.395902 1.850517
-0.000000 -16.413587 1.686468
-0.000000 -16.429630 1.522250
-0.000000 -16.444031 1.357881
-0.000000 -16.456788 1.193375
-0.000000 -16.467898 1.028750
-0.000000 -16.477362 0.864023
-0.000000 -16.485178 0.699209
-0.000000 -16.491346 0.534325
-0.000000 -16.495865 0.369387
-0.000000 -16.498734 0.204413
-0.000000 -16.499953 0.039418
0.000000 -16.499522 -0.125581
0.000000 -16.497441 -0.290567
0.000000 -16.493711 -0.455524
0.000000 -16.488331 -0.620436
0.000000 -16.481302 -0.785285
0.000000 -16.472626 -0.950056
0.000000 -16.462302 -1.114732
0.000000 -16.450331 -1.279297
0.000000 -16.436716 -1.443733
0.000000 -16.421457 -1.608025
0.000000 -16.404556 -1.772157
0.000000 -16.386015 -1.936111
0.000000 -16.365834 -2.099872
0.000000 -16.344018 -2.263422
0.000000 -16.320567 -2.426747
0.000000 -16.295484 -2.589828
0.000000 -16.268771 -2.752651
0.000000 -16.240432 -2.915198
0.000000 -16.210468 -3.077454
0.000000 -16.178884 -3.239402
0.000000 -16.145681 -3.401026
0.000000 -16.110864 -3.562310
0.000000 -16.074436 -3.723238
0.000000 -16.036401 -3.883794
0.000000 -15.996762 -4.043961
0.000000 -15.955523 -4.203724
0.000000 -15.912688 -4.363066
0.000000 -15.868263 -4.521972
0.000000 -15.822251 -4.680426
0.000000 -15.774656 -4.838412
0.000000 -15.725484 -4.995914
0.000000 -15.674739 -5.152916
0.000000 -15.622427 -5.309403
0.000000 -15.568553 -5.465360
0.000000 -15.513122 -5.620769
0.000000 -15.456140 -5.775617
0.000000 -15.397612 -5.929887
0.000000 -15.337544 -6.083564
0.000000 -15.275942 -6.236633
0.000000 -15.212813 -6.389078
0.000000 -15.148163 -6.540884
0.000000 -15.081998 -6.692036
0.000000 -15.014324 -6.842519
0.000000 -14.945150 -6.992317
0.000000 -14.874480 -7.141417
0.000000 -14.802324 -7.289802
0.000000 -14.728687 -7.437458
0.000000 -14.653577 -7.584371
0.000000 -14.577002 -7.730525
0.000000 -14.498969 -7.875906
0.000000 -14.419486 -8.020500
0.000000 -14.338562 -8.164291
0.000000 -14.256203 -8.307266
0.000000 -14.172419 -8.449410
0.000000 -14.087218 -8.590710
0.000000 -14.000608 -8.731150
0.000000 -13.912598 -8.870717
0.000000 -13.823196 -9.009397
0.000000 -13.732413 -9.147177
0.000000 -13.640256 -9.284041
0.000000 -13.546735 -9.419977
0.000000 -13.451860 -9.554971
0.000000 -13.355639 -9.689010
0.000000 -13.258083 -9.822080
0.000000 -13.159201 -9.954167
0.000000 -13.059003 -10.085259
0.000000 -12.957499 -10.215343
0.000000 -12.854699 -10.344405
0.000000 -12.750614 -10.472432
0.000000 -12.645254 -10.599413
0.000000 -12.538629 -10.725333
0.000000 -12.430751 -10.850181
0.000000 -12.321629 -10.973944
0.000000 -12.211276 -11.096610
0.000000 -12.099701 -11.218166
0.000000 -11.986916 -11.338600
0.000000 -11.872933 -11.457900
0.000000 -11.757762 -11.576054
0.000000 -11.641415 -11.693051
0.000000 -11.523905 -11.808879
0.000000 -11.405242 -11.923526
0.000000 -11.285438 -12.036980
0.000000 -11.164506 -12.149231
0.000000 -11.042458 -12.260266
0.000000 -10.919305 -12.370076
0.000000 -10.795060 -12.478649
0.000000 -10.669736 -12.585974
0.000000 -10.543345 -12.692040
0.000000 -10.415900 -12.796837
0.000000 -10.287412 -12.900354
0.000000 -10.157897 -13.002582
0.000000 -10.027365 -13.103509
0.000000 -9.895831 -13.203126
0.000000 -9.763307 -13.301422
0.000000 -9.629807 -13.398389
0.000000 -9.495344 -13.494015
0.000000 -9.359931 -13.588292
0.000000 -9.223582 -13.681211
0.000000 -9.086311 -13.772761
0.000000 -8.948132 -13.862934
0.000000 -8.809057 -13.951721
0.000000 -8.669102 -14.039112
0.000000 -8.528280 -14.125100
0.000000 -8.386605 -14.209675
0.000000 -8.244091 -14.292829
0.000000 -8.100753 -14.374554
0.000000 -7.956605 -14.454841
0.000000 -7.811661 -14.533683
0.000000 -7.665936 -14.611072
0.000000 -7.519444 -14.687000
0.000000 -7.372201 -14.761458
0.000000 -7.224220 -14.834441
0.000000 -7.075517 -14.905940
0.000000 -6.926106 -14.975949
0.000000 -6.776003 -15.044460
0.000000 -6.625222 -15.111467
0.000000 -6.473779 -15.176962
0.000000 -6.321688 -15.240940
0.000000 -6.168965 -15.303394
0.000000 -6.015625 -15.364318
0.000000 -5.861684 -15.423705
0.000000 -5.707156 -15.481549
0.000000 -5.552058 -15.537846
0.000000 -5.396404 -15.592589
0.000000 -5.240211 -15.645772
0.000000 -5.083494 -15.697391
0.000000 -4.926269 -15.747440
0.000000 -4.768551 -15.795915
0.000000 -4.610356 -15.842810
0.000000 -4.451700 -15.888120
0.000000 -4.292599 -15.931842
0.000000 -4.133068 -15.973971
0.000000 -3.973125 -16.014502
0.000000 -3.812784 -16.053432
0.000000 -3.652061 -16.090757
0.000000 -3.490974 -16.126472
0.000000 -3.329537 -16.160575
0.000000 -3.167768 -16.193062
0.000000 -3.005681 -16.223929
0.000000 -2.843294 -16.253174
0.000000 -2.680623 -16.280794
0.000000 -2.517684 -16.306786
0.000000 -2.354493 -16.331147
0.000000 -2.191066 -16.353875
0.000000 -2.027421 -16.374968
0.000000 -1.863573 -16.394423
0.000000 -1.699538 -16.412238
0.000000 -1.535333 -16.428413
0.000000 -1.370975 -16.442945
0.000000 -1.206480 -16.455832
0.000000 -1.041864 -16.467074
0.000000 -0.877144 -16.476669
0.000000 -0.712336 -16.484616
0.000000 -0.547457 -16.490915
0.000000 -0.382523 -16.495565
0.000000 -0.217551 -16.498566
0.000000 -0.052557 -16.499916
